	Diet_A_empirical_n_value	Diet_A_mc_n_values	Diet_A_mc_stddevs	Diet_C_empirical_n_value	Diet_C_mc_n_values	Diet_C_mc_stddevs	Diet_F_empirical_n_value	Diet_F_mc_n_values	Diet_F_mc_stddevs	Diet_G_empirical_n_value	Diet_G_mc_n_values	Diet_G_mc_stddevs	literature_n_value
Alanine	4.0	4.0	0.0	4.0	4.0	0.0	2.95	2.95	0.04	0.89	0.89	0.05	3.95
Cysteine	0.0	0.0	0.0	3.0	3.0	0.0	0.0	0.0	0.0	0.0	0.0	0.0	1.67
Aspartic Acid	3.0	3.0	0.0	0.0	0.0	0.0	2.66	2.66	0.05	1.44	1.43	0.05	2.5
Glutamic Acid	4.16	4.16	0.04	4.0	4.0	0.06	5.0	5.0	0.0	2.76	2.76	0.04	4.18
Phenylalanine	0.94	0.94	0.09	0.98	0.97	0.1	7.82	7.81	0.07	0.0	0.0	0.0	0.47
Glycine	2.0	2.0	0.0	1.6	1.6	0.05	0.9	0.9	0.05	1.98	1.97	0.03	1.84
Histidine	4.41	4.41	0.11	0.24	0.24	0.12	0.0	0.0	0.0	0.82	0.82	0.09	2.15
Isoleucine	5.48	5.48	0.05	4.96	4.96	0.08	0.0	0.0	0.0	2.35	2.35	0.04	0.8
Lysine	1.15	1.15	0.11	1.99	1.99	0.13	0.0	0.0	0.0	5.6	5.6	0.08	0.3
Leucine	3.93	3.93	0.04	2.98	2.98	0.06	1.98	1.98	0.05	4.24	4.24	0.04	0.7
Methionine	3.75	3.75	0.08	0.55	0.56	0.11	0.0	0.0	0.0	8.0	8.0	0.0	1.02
Asparagine	0.0	0.0	0.0	3.0	3.0	0.0	2.62	2.62	0.06	0.0	0.0	0.0	1.15
Proline	0.0	0.0	0.0	0.0	0.0	0.0	4.52	4.53	0.06	0.0	0.0	0.0	1.57
Glutamine	1.78	1.78	0.06	5.0	5.0	0.0	3.27	3.27	0.06	3.33	3.33	0.06	3.62
Arginine	0.0	0.0	0.0	2.41	2.41	0.13	0.0	0.0	0.0	7.0	7.0	0.0	3.4
Serine	3.0	3.0	0.0	0.0	0.0	0.0	1.62	1.62	0.06	3.0	3.0	0.0	1.96
Threonine	2.98	2.98	0.07	5.0	5.0	0.0	2.98	2.98	0.06	3.83	3.83	0.05	0.21
Valine	1.94	1.94	0.06	0.0	0.0	0.0	0.0	0.0	0.0	3.82	3.82	0.04	0.79
Tryptophan	0.0	0.0	0.0	0.0	0.0	0.0	0.27	0.28	0.16	0.46	0.47	0.1	0.06
Tyrosine	5.64	5.64	0.1	0.0	0.0	0.0	2.45	2.45	0.07	1.18	1.19	0.06	0.5
